10000000 0.110314 0.000000
20000000 0.211546 0.000001
30000000 0.320138 0.000000
40000000 0.427022 0.000001
50000000 0.531130 0.000001
60000000 0.632679 0.000001
70000000 0.736798 0.000001
80000000 0.842615 0.000001
90000000 0.949547 0.000001
100000000 1.052797 0.000001
110000000 1.158943 0.000001
120000000 1.264674 0.000000
130000000 1.371672 0.000000
140000000 1.474890 0.000001
150000000 1.581930 0.000001
160000000 1.685752 0.000000
170000000 1.789342 0.000001
180000000 1.895069 0.000000
190000000 1.998950 0.000001
200000000 2.103390 0.000000
210000000 2.209432 0.000001
220000000 2.312232 0.000001
230000000 2.419579 0.000001
240000000 2.525879 0.000001
250000000 2.630844 0.000000
260000000 2.735918 0.000001
270000000 2.840304 0.000001
280000000 2.946550 0.000001
290000000 3.055083 0.000000
300000000 3.155907 0.000000
